848
810
624
89
675
145
933
474
161
112
549
750
423
166
316
279
832
639
285
445
959
219
172
926
144
865
394
146
879
743
284
831
447
101
424
612
771
669
931
887
568
96
605
401
161
818
589
617
140
479
414
103
684
370
243
780
365
186
798
708
139
486
530
693
91
992
279
721
978
143
403
643
729
937
830
667
721
858
998
137
428
383
953
77
571
467
252
403
1000
778
127
712
866
632
389
375
455
897
687
871
736
740
108
72
183
179
326
435
233
167
32
168
371
855
383
139
293
338
590
472
281
750
420
36
724
187
301
362
955
608
128
313
445
361
169
317
491
667
856
842
302
538
244
635
692
469
583
352
811
122
331
239
838
905
748
519
45
22
351
792
142
796
444
770
270
212
850
342
862
708
664
723
675
973
714
943
534
820
107
941
375
962
515
102
239
373
143
452
876
804
441
503
126
74
875
420
709
122
490
254
372
765
133
754
470
167
628
963
248
367
758
390
297
540
360
27
360
522
32
887
288
866
741
381
426
1
102
575
780
58
349
416
318
66
559
915
998
931
263
186
264
956
386
900
751
140
269
160
661
894
303
291
727
136
43
689
161
317
718
658
477
439
243
723
763
878
590
900
564
730
284
850
821
389
749
21
336
323
616
669
850
945
965
356
994
803
135
99
366
432
637
985
670
998
115
328
671
55
615
878
728
272
731
134
35
985
56
166
152
268
193
585
819
284
380
566
349
476
787
551
195
413
978
206
691
177
954
314
593
788
921
633
9
577
686
212
595
757
708
219
657
820
176
717
257
877
76
455
314
27
397
270
129
747
476
513
587
518
877
246
461
477
665
859
636
387
116
252
176
643
366
825
634
36
535
462
34
881
772
471
476
120
965
924
713
990
158
960
770
238
441
272
795
428
197
339
470
210
746
105
754
169
621
412
788
955
937
804
69
513
880
61
993
404
799
880
830
105
847
677
401
179
950
907
692
940
962
984
504
949
763
34
27
720
370
707
314
763
423
819
827
925
984
729
5
344
336
322
990
66
510
395
803
414
798
309
320
398
4
540
950
573
712
415
137
990
796
614
156
403
455
961
349
263
234
822
510
751
368
333
902
948
51
504
76
206
908
452
321
210
439
205
808
854
62
278
397
206
179
41
371
386
587
673
143
888
821
762
297
33
728
958
905
404
947
442
762
645
244
183
51
336
399
757
161
889
547
96
809
104
122
680
22
689
673
506
106
812
776
633
157
178
632
741
859
743
947
478
73
404
157
819
363
938
411
323
816
562
887
781
685
288
247
410
254
596
291
802
228
388
944
592
209
584
465
475
395
380
324
338
303
246
827
106
560
822
914
162
635
549
557
884
956
978
460
142
536
298
660
207
774
582
740
576
477
814
748
320
948
481
234
296
771
383
187
745
527
726
265
902
181
284
21
816
882
434
6
757
534
610
680
166
510
116
218
754
921
115
600
48
585
363
583
400
142
372
327
524
722
903
205
698
508
557
543
903
185
14
207
163
507
130
759
822
534
841
592
544
358
336
803
788
518
268
728
776
557
403
25
833
752
236
821
591
238
929
81
715
221
214
687
333
105
208
409
608
687
97
551
290
157
688
841
17
748
534
14
650
903
71
517
834
333
766
438
364
886
11
539
463
360
67
91
299
221
305
570
423
591
346
728
58
728
937
235
65
72
989
939
490
137
656
760
965
306
875
392
501
750
950
2
619
34
189
819
245
334
183
953
920
57
871
122
726
927
364
224
810
868
72
31
153
457
20
777
174
938
854
107
722
928
514
318
819
642
983
699
381
23
373
896
589
538
416
771
638
746
251
130
313
793
360
110
345
177
428
70
763
152
614
270
542
455
799
183
494
200
614
951
805
800
426
949
889
235
789
66
73
504
797
207
232
115
715
119
254
188
206
357
999
638
10
579
435
649
257
234
175
672
166
800
897
323
912
82
793
82
351
372
538
649
216
651
426
370
586
635
879
395
735
539
776
9
602
766
430
361
492
485
550
888
246
981
60
446
918
443
836
761
670
444
694
679
494
756
505
60
493
568
15
213
32
41
229
302
791
143
235
833
148
745
992
843
148
395
808
440
707
949
276
509
686
479
821
333
44
849
807
594
185
43
122
541
846
868
17
808
145
755
228
440
108
75
611
538
47
578
320
335
208
598
565
58
355
40
183
531
352
995
201
657
730
644
537
839
578
145
911
473
499
549
328
875
253
938
179
44
264
237
86
899
803
57
156
894
848
874
447
588
143
796
463
537
262
793
224
444
26
229
325
408
403
21
590
208
568
746
693
883
590
925
896
56
563
234
343
29
840
418
426
710
900
583
741
554
289
967
4
726
106
535
321
458
756
622
16
746
626
74
196
511
605
212
364
516
183
34
172
726
647
730
965
393
523
479
911
746
375
601
247
29
363
714
342
336
358
155
232
971
93
560
918
461
465
360
271
822
468
402
728
694
512
619
294
871
950
621
944
341
394
303
470
453
46
325
283
515
793
479
747
445
579
814
32
348
331
124
727
599
278
302
374
713
381
356
610
205
628
892
358
970
941
628
175
984
80
395
285
472
306
150
408
273
645
425
920
127
310
235
338
885
660
277
129
996
448
428
326
312
437
936
840
234
369
678
364
574
47
43
727
972
355
579
852
269
946
766
303
439
254
892
401
355
963
768
963
145
523
79
534
131
770
102
109
772
243
278
768
453
116
884
243
157
195
118
891
259
156
34
327
260
391
132
450
159
636
889
466
535
476
557
960
845
622
758
626
987
831
909
16
9
169
899
926
750
865
739
955
397
406
3
734
644
440
306
946
583
44
977
753
692
61
908
202
309
29
494
789
111
440
551
619
359
569
948
838
85
370
796
941
573
151
855
414
273
224
979
584
44
268
348
947
474
192
39
749
54
451
833
805
549
511
446
309
517
611
25
404
569
922
586
479
256
464
607
256
179
203
73
24
8
667
149
433
201
655
756
343
599
714
688
666
219
916
657
851
634
938
978
74
703
786
653
699
529
679
81
764
12
418
45
779
454
823
609
416
55
178
36
580
141
709
266
149
862
752
22
372
53
996
135
216
900
746
655
115
967
676
299
516
175
337
932
195
142
753
934
448
768
430
241
897
49
458
348
944
832
693
693
625
60
203
208
779
928
853
952
468
619
882
659
902
375
923
974
431
824
32
761
94
106
48
185
964
799
661
885
849
211
458
154
138
109
724
100
340
789
465
591
947
429
733
349
524
36
424
914
60
673
908
109
604
959
758
48
625
954
928
911
381
648
623
532
723
275
401
1
546
409
640
182
611
373
242
712
128
211
513
718
123
233
296
299
475
666
181
678
370
61
732
574
947
328
116
975
591
183
261
476
485
587
637
824
592
673
595
449
536
466
722
766
427
350
528
290
663
780
760
750
271
556
848
224
869
249
304
495
452
69
54
940
126
131
704
27
524
187
146
946
403
611
498
349
782
409
14
136
168
813
236
704
455
469
66
114
763
938
764
391
766
886
517
189
508
841
348
484
362
317
194
645
520
495
77
838
208
638
948
643
625
247
331
47
806
262
512
578
305
935
403
743
566
220
142
760
838
264
235
485
55
952
604
625
190
177
182
587
561
187
887
35
492
770
838
456
275
757
762
238
709
836
849
358
783
303
828
752
544
64
323
403
790
851
323
683
638
748
561
501
663
235
847
851
863
697
851
273
635
393
168
536
53
752
189
645
162
556
95
921
276
396
642
107
274
27
865
14
807
582
439
384
783
865
111
916
493
952
662
669
171
93
866
259
664
146
363
805
653
309
510
855
660
257
49
160
174
98
34
145
30
354
812
196
701
321
949
548
379
521
467
683
26
794
485
269
674
103
737
117
103
172
202
800
635
741
115
244
740
82
138
526
247
179
278
935
780
969
169
928
745
74
871
131
864
359
291
908
639
275
66
89
446
424
387
311
213
491
965
276
363
336
5
109
995
805
137
222
38
347
92
250
123
1
963
434
678
169
780
552
903
621
821
903
137
753
23
274
119
625
672
996
130
975
395
454
111
675
341
262
724
762
392
198
242
457
200
886
886
716
916
268
743
554
856
670
257
184
998
155
928
136
194
31
374
315
181
772
586
289
678
893
167
292
725
989
476
709
475
273
749
79
74
471
736
48
15
349
442
256
88
553
480
578
606
314
499
792
79
621
713
689
780
987
160
276
212
111
469
321
196
818
243
548
891
888
311
26
86
311
498
28
760
829
523
725
541
951
507
742
543
893
628
466
786
2
734
998
923
941
118
819
474
38
335
286
152
83
354
695
860
663
919
944
461
742
353
527
930
194
697
458
830
669
719
621
59
608
503
819
371
43
266
216
501
121
108
992
825
110
879
549
431
548
104
873
434
524
147
74
495
184
34
525
319
968
537
117
996
363
358
123
826
746
151
240
993
395
729
758
985
81
238
292
872
543
730
399
758
784
183
631
589
393
633
181
202
395
221
814
938
744
550
993
729
679
258
293
321
465
325
982
924
277
871
622
594
389
644
453
213
586
334
847
619
983
256
677
71
251
745
592
959
294
518
178
240
336
674
881
413
839
292
110
241
603
382
513
378
701
432
235
984
993
817
380
765
338
953
201
495
434
463
653
50
975
29
378
857
481
812
904
773
204
749
837
334
338
720
939
41
468
511
216
812
991
421
112
96
7
679
738
183
268
47
101
110
496
227
703
101
323
334
484
928
196
993
859
428
352
932
843
307
428
37
622
600
559
104
561
248
705
635
651
916
987
908
542
139
39
771
905
81
815
171
18
780
349
792
721
586
217
890
188
383
316
617
577
803
841
969
758
66
388
697
634
611
424
252
509
153
91
544
612
78
305
340
491
883
785
494
274
89
553
108
75
821
345
307
370
716
890
604
161
280
340
919
39
97
278
825
169
583
709
174
177
301
219
917
655
248
180
246
502
244
370
523
765
407
897
23
589
400
722
337
563
885
445
986
559
882
559
960
168
630
963
606
606
699
75
713
248
974
528
76
664
442
824
401
159
470
63
110
832
988
672
414
416
589
15
444
218
348
154
719
634
234
382
671
624
604
786
995
740
223
59
785
53
951
510
937
192
39
348
103
224
393
771
105
934
556
646
265
520
253
595
579
635
882
964
406
894
227
955
687
258
610
448
515
474
724
71
477
224
755
743
541
602
425
165
114
115
254
557
282
803
711
311
495
576
482
117
273
449
305
118
640
579
436
906
944
32
897
754
297
894
436
859
894
726
557
886
526
228
832
445
46
538
375
431
311
469
894
993
422
140
530
320
928
688
762
915
874
973
458
979
48
7
563
769
194
226
908
416
377
166
587
275
713
408
778
877
554
357
313
445
358
832
334
682
218
46
868
305
870
225
378
206
538
295
902
308
381
499
185
543
591
79
645
236
559
994
722
942
224
984
191
514
288
320
857
163
631
112
707
575
145
652
766
392
539
692
359
718
914
801
500
127
754
98
951
497
579
680
832
587
394
451
936
667
659
61
948
886
731
683
876
482
748
692
273
60
318
793
725
55
840
348
919
730
293
548
762
354
668
813
854
446
723
157
903
62
837
835
569
48
952
190
704
930
701
620
439
153
979
929
129
103
810
121
753
493
553
592
155
714
810
967
926
935
583
685
189
951
826
753
203
488
656
10
112
527
674
692
363
949
695
528
478
89
355
428
235
202
913
788
736
358
596
873
639
714
363
621
503
562
300
209
938
756
917
410
116
31
655
546
904
152
758
628
225
783
289
817
84
906
470
27
633
152
98
941
334
106
658
479
879
167
396
374
90
672
37
861
822
838
170
519
488
698
787
226
220
956
812
791
421
764
280
232
68
85
770
944
601
591
209
275
404
427
878
247
79
667
417
505
251
251
848
782
543
554
522
745
661
576
291
370
625
414
799
115
533
624
362
597
544
811
647
846
948
922
428
515
306
365
515
461
643
387
956
633
769
93
725
108
958
506
33
89
8
280
955
26
448
898
869
382
24
561
63
422
89
836
978
752
145
715
252
318
427
269
390
168
308
412
306
187
318
564
558
738
838
773
501
979
903
1000
306
532
273
123
369
19
784
978
989
66
220
637
96
213
255
476
650
94
658
875
451
333
617
783
62
317
947
900
908
137
327
188
841
366
360
482
686
397
27
661
939
902
249
255
647
440
564
353
684
665
424
509
439
314
720
876
601
354
554
91
778
657
676
816
197
438
33
553
554
933
309
587
293
494
671
40
528
957
227
454
61
886
36
255
64
764
189
515
947
564
491
244
37
175
650
141
156
829
933
385
586
66
843
924
109
54
372
580
128
864
108
237
714
45
352
187
692
222
596
631
291
973
459
724
278
918
627
23
926
34
980
766
708
7
453
296
457
181
682
722
577
251
69
123
381
487
661
657
284
903
645
921
779
197
838
813
99
27
74
926
249
424
461
348
158
568
29
844
786
171
610
879
370
44
97
731
930
81
737
412
93
676
129
813
649
865
678
272
967
622
833
266
507
103
318
765
89
972
794
25
128
372
858
962
337
27
682
168
978
237
271
626
432
711
527
805
420
993
253
607
22
420
744
541
402
867
248
213
865
962
777
308
466
17
320
975
731
149
330
814
458
874
386
235
434
217
6
709
147
575
500
215
967
617
71
346
499
179
156
92
984
831
68
595
674
221
599
419
862
828
683
937
480
286
742
792
660
310
326
258
421
937
834
626
44
589
842
672
866
658
915
400
423
99
155
422
333
978
354
196
167
986
694
580
353
72
729
402
698
99
840
413
597
976
478
322
756
317
120
383
315
732
717
477
992
363
627
197
57
696
822
41
561
405
799
841
220
501
399
276
237
342
677
787
887
226
511
624
531
426
366
765
726
279
512
438
992
988
817
947
633
189
503
53
19
743
828
489
196
209
907
650
827
745
771
142
257
320
701
867
703
350
124
78
283
681
754
40
509
851
802
192
61
26
213
603
299
181
784
989
342
391
254
424
131
662
400
63
194
834
846
184
969
916
585
209
892
58
827
79
837
328
342
571
56
764
221
83
280
452
771
10
905
338
833
759
998
686
429
356
183
666
609
256
461
969
704
476
412
754
795
541
899
194
699
234
381
505
912
8
383
723
623
922
41
465
303
72
186
754
211
822
369
142
105
173
993
825
780
769
616
865
271
758
226
324
654
397
482
308
30
318
391
139
302
480
779
101
17
835
474
572
693
657
804
275
365
702
72
162
967
935
138
903
715
128
3
153
576
817
366
567
210
7
989
606
573
310
140
402
541
497
89
319
753
97
747
272
179
416
33
843
720
602
861
781
227
831
884
567
736
314
355
812
475
784
226
452
786
968
299
29
457
644
458
977
28
227
5
296
385
548
430
195
607
147
378
318
851
644
894
560
899
957
942
480
766
897
517
501
387
167
51
552
570
527
638
929
264
188
216
607
966
378
392
953
942
405
694
902
330
424
963
636
104
764
798
107
844
918
272
720
518
279
578
963
698
666
243
396
529
687
421
158
678
737
885
782
99
782
379
985
982
805
126
37
523
349
214
774
861
760
641
174
8
329
561
824
166
328
561
273
78
675
326
947
657
471
79
322
48
320
118
934
776
122
657
815
7
149
863
559
474
967
289
154
970
463
197
428
342
566
874
446
981
199
16
314
466
400
543
794
325
501
618
634
435
94
60
720
709
358
973
724
356
244
908
341
820
537
236
581
813
365
913
467
735
178
583
966
732
456
242
285
487
168
561
183
306
30
923
170
422
963
510
417
764
494
215
944
132
221
348
142
362
984
765
820
48
911
649
511
880
866
426
18
846
619
386
354
429
224
647
181
161
934
603
684
611
314
416
589
122
708
298
972
143
304
227
717
81
283
773
35
969
902
642
65
113
66
758
281
920
25
645
470
863
219
434
422
964
924
188
61
606
469
794
852
532
972
563
205
962
105
812
698
702
797
323
310
93
410
565
714
121
639
113
678
557
411
917
181
756
409
253
15
270
209
99
566
718
8
68
186
17
139
207
29
599
274
225
2
238
100
438
608
81
566
270
379
816
303
219
700
411
262
934
315
403
682
793
203
986
944
802
236
145
613
345
563
102
226
960
665
330
179
724
563
766
703
42
893
841
821
534
259
894
582
138
869
191
663
12
857
803
594
370
117
972
766
346
739
921
269
821
488
531
149
590
85
395
336
790
62
492
528
595
8
915
330
613
247
762
428
797
601
777
9
847
525
886
612
587
42
956
908
990
304
448
217
537
597
413
497
209
88
780
171
561
245
49
48
749
284
521
866
99
735
924
864
251
406
487
865
802
686
53
678
964
228
289
119
815
580
696
572
745
879
116
949
275
748
652
729
30
949
604
75
417
80
570
874
440
978
605
965
9
22
198
834
362
300
910
534
675
837
476
801
845
994
743
140
201
514
849
253
157
159
563
949
791
294
112
798
685
41
750
820
370
776
136
348
592
577
111
594
676
251
589
955
109
217
587
810
983
717
445
157
7
206
287
192
179
762
268
130
50
255
952
459
169
350
567
588
806
72
555
143
662
244
813
884
459
146
997
212
223
19
3
290
485
256
709
959
839
678
175
824
970
270
744
614
927
800
174
838
923
386
87
494
372
395
123
628
963
944
877
89
539
761
948
858
97
499
318
677
218
724
19
54
766
667
812
199
892
748
317
36
553
658
484
801
763
357
963
35
625
806
56
496
757
883
274
317
344
749
330
195
672
821
981
113
905
310
952
940
790
73
52
189
520
675
870
797
248
393
733
527
580
526
852
160
446
885
87
971
654
334
850
154
231
202
946
141
614
385
384
111
140
436
4
464
502
30
722
490
998
594
360
119
131
18
228
318
791
868
737
31
509
433
786
52
750
257
355
168
423
17
277
791
46
909
292
798
343
668
229
962
2
966
490
696
198
438
789
402
25
204
993
347
459
721
291
490
794
867
580
747
610
196
344
361
556
662
391
894
934
718
897
303
693
118
62
487
656
133
270
340
927
741
563
959
658
913
360
686
271
625
86
244
213
622
796
717
780
50
811
972
223
994
95
43
375
667
879
203
120
556
392
583
935
98
282
671
638
468
67
269
577
324
629
207
4
323
690
196
615
846
26
391
813
887
621
684
983
936
396
80
864
588
334
934
752
622
163
645
921
538
444
888
709
124
80
599
152
788
541
700
21
465
392
645
611
91
480
662
337
127
347
910
807
430
109
257
865
246
986
308
466
425
112
360
407
168
104
294
666
956
217
324
558
288
840
22
522
332
440
316
101
112
516
93
340
492
627
531
804
134
17
212
608
527
702
469
14
121
271
790
545
279
100
420
61
518
846
994
639
569
624
751
438
534
108
577
583
629
667
568
178
144
109
714
61
986
695
345
580
368
193
959
113
417
686
414
298
566
48
761
562
86
786
532
180
142
928
140
490
109
998
213
145
531
595
761
446
926
202
151
27
856
259
196
601
13
998
654
385
791
607
515
233
717
384
427
65
780
937
554
212
868
353
109
509
109
736
255
991
26
303
644
772
404
849
121
282
703
700
708
268
147
862
618
213
487
831
94
433
361
632
483
766
330
181
931
590
82
159
317
352
184
661
511
719
168
876
818
928
930
609
747
118
880
790
861
680
340
735
589
150
828
18
976
483
730
371
69
757
733
535
652
722
251
154
924
175
115
651
602
290
256
850
293
772
900
113
202
643
304
612
48
365
13
643
491
738
845
14
459
500
945
858
870
884
379
634
238
421
343
3
569
641
221
581
690
462
638
374
963
213
832
658
579
596
840
86
745
263
145
589
749
170
121
501
783
416
160
355
174
854
269
784
1000
79
758
482
868
472
359
936
464
8
310
377
645
707
428
119
252
223
486
518
127
288
410
470
552
744
397
433
457
542
246
143
872
843
302
869
965
155
433
938
227
365
819
640
623
883
653
212
338
414
288
854
426
638
453
268
392
69
296
291
473
784
54
613
756
333
640
278
710
33
646
972
491
187
285
112
729
838
602
435
571
969
529
508
710
72
952
713
197
474
409
539
275
599
896
338
312
818
655
592
135
928
381
472
819
142
304
321
793
554
106
403
468
350
411
565
620
793
37
50
586
634
286
635
827
468
31
667
483
396
967
864
714
407
711
371
647
415
281
469
289
805
738
762
733
571
441
796
788
426
949
372
690
67
115
699
554
310
494
232
749
836
735
314
687
861
474
876
919
404
257
988
343
177
680
839
188
669
131
216
629
161
643
315
923
564
916
348
828
610
373
673
457
128
46
43
175
80
102
479
333
21
716
149
909
978
47
583
955
283
455
952
508
869
908
675
752
446
888
395
723
881
187
921
716
974
170
53
729
754
134
375
902
204
648
613
347
608
56
146
124
637
603
493
193
569
79
579
207
541
968
958
112
776
927
699
184
797
706
710
586
138
955
753
957
138
266
313
918
164
173
706
840
436
338
617
414
208
488
500
797
488
210
63
495
126
306
30
718
528
749
963
162
389
588
850
125
153
847
153
98
405
408
896
369
117
84
454
890
842
972
326
319
514
963
196
765
925
451
504
801
738
938
819
471
798
205
365
916
151
87
241
913
981
50
29
717
486
462
515
740
30
588
615
887
249
768
117
533
263
103
255
503
234
844
437
872
583
439
427
954
764
156
50
181
635
634
958
941
289
356
199
250
514
532
162
689
804
873
286
50
936
361
551
552
360
244
855
577
321
289
364
140
501
941
902
5
147
415
215
546
451
546
492
828
888
765
325
821
736
214
924
246
750
613
667
89
391
7
897
906
420
573
320
346
782
712
946
515
733
99
433
562
765
437
449
566
672
505
670
280
760
426
391
945
812
187
52
209
302
223
128
632
998
522
554
7
586
952
320
275
113
569
813
324
301
908
119
35
239
521
884
314
811
376
701
512
819
751
587
561
835
267
260
26
149
182
932
994
704
534
501
241
97
680
556
740
915
367
393
902
836
373
693
691
484
55
215
236
49
626
233
657
891
414
78
9
137
522
265
703
581
701
746
934
665
761
86
347
800
564
95
883
625
933
521
81
898
739
434
472
717
107
733
496
193
565
955
964
116
302
260
806
647
195
185
150
881
283
192
104
366
303
674
3
202
893
568
448
837
327
744
739
808
374
665
757
705
619
116
26
144
112
694
848
823
54
42
257
197
597
712
992
725
352
485
239
283
757
94
98
958
632
424
564
632
925
752
190
934
616
860
753
57
182
647
251
200
366
327
14
537
452
621
885
318
818
288
86
126
948
88
345
668
745
180
40
444
138
133
315
819
387
223
536
484
247
877
255
749
954
330
574
156
806
879
432
180
799
839
311
914
469
722
596
906
606
841
772
950
613
569
938
352
930
678
548
512
681
737
995
364
586
555
107
441
19
380
595
390
754
159
82
924
33
948
275
414
968
82
356
359
912
809
867
904
796
228
606
984
270
749
138
288
36
59
623
629
587
56
458
759
311
322
104
647
42
85
474
827
920
126
997
994
740
763
110
273
778
241
465
269
542
125
228
293
849
676
990
405
207
177
284
516
798
918
151
47
580
237
889
892
132
412
746
308
167
543
261
17
607
174
619
390
334
774
138
418
947
48
857
744
175
482
645
732
459
651
306
171
999
587
34
956
189
554
263
644
166
30
590
386
319
293
802
467
814
923
408
764
307
309
490
733
851
118
871
134
226
389
205
363
793
32
466
841
443
754
515
398
557
570
247
239
376
645
152
925
108
812
60
151
877
124
655
180
19
574
330
715
699
760
158
953
220
934
918
292
815
43
728
603
86
852
9
537
587
497
763
859
585
304
720
660
656
946
763
955
113
628
63
93
784
530
804
201
647
366
191
716
993
540
874
101
70
464
886
578
980
213
349
510
438
502
42
802
381
408
697
305
805
97
952
703
341
159
883
690
314
972
123
739
383
867
23
503
801
599
364
81
274
407
676
183
972
183
170
946
793
161
542
207
215
333
817
841
98
665
108
38
273
864
192
631
603
775
249
528
136
277
145
520
546
407
494
239
261
421
903
672
893
21
116
963
759
234
262
207
299
200
527
580
187
444
986
85
363
663
656
530
913
915
298
107
666
733
142
488
512
340
269
796
14
529
913
821
904
522
439
398
609
176
830
9
613
509
49
265
241
808
473
962
602
963
107
23
92
214
724
994
998
975
105
702
490
486
556
390
903
313
813
106
319
575
720
512
717
930
323
65
549
342
130
456
328
942
136
639
294
582
900
452
902
818
564
293
884
480
379
891
66
593
576
490
694
382
978
637
978
695
915
317
46
438
381
648
578
809
883
572
447
603
924
484
100
508
75
106
327
846
90
131
706
432
861
649
892
829
636
55
359
326
571
539
758
661
855
826
577
444
593
625
113
41
531
640
590
574
615
213
535
356
87
311
857
268
924
274
697
855
632
37
493
803
163
357
133
593
908
218
755
33
167
739
172
241
353
577
819
186
97
478
528
841
832
924
719
754
935
465
551
252
58
855
222
839
927
467
513
953
885
153
89
453
392
338
598
298
527
928
301
254
809
285
651
102
414
37
959
87
814
409
822
360
562
197
93
896
779
431
413
341
552
326
868
878
512
254
902
252
855
257
851
730
168
209
645
996
722
249
73
279
654
409
678
37
111
282
120
712
47
678
666
330
125
175
887
972
318
243
277
106
382
1000
486
785
153
59
312
884
905
845
136
398
242
819
715
542
39
516
69
89
817
81
751
976
972
191
311
327
773
970
171
466
864
99
754
283
399
645
452
831
762
240
844
107
408
740
276
647
866
88
49
8
764
169
437
49
915
202
516
439
180
37
854
847
345
587
640
124
275
258
247
717
231
648
423
416
887
162
836
289
296
288
514
698
575
130
278
62
948
677
915
554
611
665
634
767
990
424
915
915
911
975
314
320
232
408
588
279
253
612
693
107
169
569
65
928
465
909
404
634
70
757
985
182
39
125
510
401
503
723
637
282
181
278
884
667
974
680
984
470
384
349
607
578
738
594
747
537
868
949
624
350
975
394
336
696
855
674
791
457
589
56
838
944
902
223
498
948
981
546
725
852
561
415
765
570
8
475
545
822
349
511
512
943
447
238
832
330
638
241
160
809
138
676
517
307
643
561
905
984
278
771
609
224
358
8
388
874
597
17
223
994
336
26
711
284
865
982
755
830
303
416
308
307
44
476
211
837
654
106
733
26
52
876
201
527
856
178
936
209
158
764
771
931
311
16
533
787
754
641
275
51
364
729
547
25
865
719
919
39
253
65
705
51
813
787
878
344
616
723
939
277
272
813
83
284
457
928
272
788
364
165
870
855
795
2
76
367
385
446
262
700
403
675
303
65
381
769
373
417
459
733
865
958
4
335
667
274
196
185
377
487
689
631
294
343
115
902
175
753
770
869
932
104
166
885
568
544
597
521
956
445
442
55
528
708
446
626
749
76
98
398
135
842
821
598
874
629
20
62
461
409
612
469
40
328
112
10
691
468
969
166
592
20
31
330
705
789
141
311
243
103
465
148
470
364
436
707
284
849
580
423
492
399
716
748
170
980
436
283
862
634
106
843
827
452
823
919
499
579
853
396
725
965
266
583
789
511
365
173
144
342
525
399
936
269
639
962
789
504
37
296
396
282
921
273
981
634
774
474
279
912
236
896
174
98
718
57
319
334
660
257
440
513
830
72
326
696
320
876
902
776
802
629
420
887
215
799
551
151
93
742
953
20
918
217
788
739
581
580
427
728
274
201
314
713
748
627
443
242
526
982
994
742
466
135
525
460
549
372
831
589
686
144
641
820
196
459
396
808
7
283
619
191
66
285
901
571
166
833
116
127
260
100
336
445
98
561
789
814
510
775
352
936
630
218
762
495
774
273
302
652
880
723
931
258
485
172
424
423
483
39
872
999
54
843
785
451
817
747
357
463
591
211
646
435
664
998
867
907
408
639
736
409
707
523
11
592
871
664
299
202
693
416
169
334
292
388
751
633
659
826
984
606
489
643
459
775
329
559
223
102
857
663
151
12
103
998
163
812
746
471
270
908
358
356
71
109
257
747
487
429
77
825
28
422
148
528
730
178
581
312
660
81
254
570
425
863
575
335
498
908
119
282
597
119
393
25
579
920
518
873
491
983
478
662
171
677
365
63
427
124
557
107
429
752
335
20
252
850
566
619
24
612
949
76
540
481
769
317
516
441
206
422
264
989
798
520
7
582
599
127
14
325
979
277
593
85
835
567
986
207
59
739
791
381
827
755
611
397
508
572
273
782
420
752
250
991
419
636
841
361
268
597
204
375
187
186
352
812
768
145
521
248
135
50
868
164
651
727
939
945
144
74
113
364
968
329
846
808
67
832
777
312
823
579
977
931
848
606
837
652
875
455
912
479
293
76
238
75
164
345
675
59
873
658
109
317
114
994
354
503
833
526
862
996
104
364
223
135
982
281
269
847
95
235
560
530
892
974
879
837
539
354
489
674
892
134
448
600
403
631
426
215
250
653
32
618
808
981
19
858
33
449
152
885
941
861
356
88
275
759
210
575
775
273
464
50
520
157
392
980
107
202
397
555
92
28
128
762
284
334
95
776
459
675
144
696
309
255
382
370
846
388
449
171
418
999
538
328
71
703
466
680
712
700
329
594
339
51
907
92
863
692
717
354
570
391
770
489
671
128
602
463
323
324
426
670
941
10
812
132
449
913
160
788
196
817
656
401
540
63
621
927
249
506
216
487
543
901
591
890
869
804
954
353
986
903
692
579
39
795
771
209
259
762
807
361
446
604
639
906
955
814
895
857
903
3
453
374
339
277
971
42
986
925
244
143
3
619
196
991
256
767
395
205
896
303
495
850
936
610
434
925
849
706
232
796
749
393
403
521
244
715
196
772
355
332
916
153
358
71
642
308
300
976
839
954
925
964
941
69
393
192
111
159
652
840
429
589
64
749
105
349
792
370
128
510
246
530
541
285
851
343
702
330
115
852
583
174
122
741
897
147
918
381
36
286
947
117
486
326
597
889
413
194
231
822
258
331
513
736
760
267
606
631
356
709
895
570
234
221
46
323
501
941
793
918
723
274
343
623
313
692
73
328
935
777
628
730
699
727
8
110
567
277
817
84
646
855
572
335
812
416
39
525
688
978
351
738
80
900
209
498
427
554
572
240
727
871
401
936
883
815
84
747
291
438
185
388
211
645
292
383
997
242
962
368
152
152
431
750
306
623
543
883
999
796
555
772
289
239
423
892
225
812
766
379
740
626
547
226
266
355
712
989
576
498
555
760
281
338
201
992
628
142
538
648
258
638
85
553
800
190
164
926
707
705
700
568
531
690
824
834
418
889
211
868
464
705
942
987
422
256
120
274
580
47
42
261
321
82
223
452
96
6
321
953
456
474
232
63
367
793
924
712
227
992
765
522
703
889
697
448
601
861
662
29
409
679
828
353
36
246
613
650
531
882
331
886
404
377
629
997
230
570
934
286
307
698
842
447
686
159
388
297
338
500
636
94
148
550
306
640
676
856
955
567
650
944
64
305
550
706
654
25
423
164
681
915
411
256
752
93
303
335
960
920
966
141
621
319
624
344
455
959
584
351
274
446
488
105
425
828
935
405
188
926
79
465
633
836
445
243
586
479
527
293
969
631
690
334
741
436
39
749
424
121
889
498
948
740
679
34
536
938
775
520
193
956
161
834
186
233
68
646
224
85
67
92
340
814
117
128
211
177
302
915
548
132
972
809
561
573
953
280
35
125
612
353
467
467
488
437
344
380
127
161
585
172
455
410
146
947
482
879
394
580
597
803
758
713
389
437
475
894
183
194
373
284
195
230
295
703
422
42
672
84
654
943
387
391
252
407
706
668
156
462
927
937
400
793
285
70
198
759
308
497
152
991
700
863
914
154
981
873
444
895
592
967
975
836
903
656
721
590
504
59
264
429
60
46
858
322
776
576
609
865
463
37
706
556
345
549
56
331
120
531
478
629
845
107
122
356
607
518
736
373
800
318
411
833
503
518
321
128
119
929
473
81
852
458
310
635
766
919
545
709
227
30
130
793
373
250
991
41
870
258
894
549
937
663
689
151
467
68
150
57
955
611
646
593
112
271
320
890
854
746
805
562
289
705
484
686
887
946
917
737
597
468
524
552
403
90
824
367
628
284
449
395
43
317
32
609
777
503
121
660
644
760
151
371
513
637
176
483
43
734
354
290
924
3
503
73
806
282
445
81
942
873
314
403
722
81
194
78
653
134
402
631
547
145
254
658
688
84
321
86
84
774
583
539
29
254
572
252
242
618
16
881
295
693
750
192
43
117
572
37
744
306
887
244
658
340
885
538
845
147
563
337
788
927
6
947
860
933
920
482
172
251
669
503
464
933
451
870
919
856
201
502
438
304
941
408
362
293
585
310
316
565
450
240
527
222
4
291
468
289
176
865
871
856
641
441
469
561
401
407
692
269
222
204
585
714
714
924
544
20
37
6
501
99
773
199
354
853
738
424
264
661
782
112
762
243
350
950
40
140
382
148
721
418
505
122
377
394
831
651
649
95
184
757
812
689
143
757
921
787
204
970
779
103
476
556
202
567
748
860
372
550
283
487
502
214
797
436
450
962
534
741
65
284
489
937
638
654
761
539
632
481
290
522
825
13
638
578
358
346
125
784
977
419
63
503
247
60
947
488
513
49
256
238
727
394
414
954
52
623
574
978
139
316
703
906
699
938
968
106
744
784
638
462
916
635
453
459
930
613
836
766
898
104
788
655
246
702
777
856
277
598
138
204
867
343
700
907
441
847
336
361
923
750
535
130
215
538
222
639
20
105
785
949
132
969
274
3
203
90
321
322
477
369
811
137
121
106
526
141
624
257
159
190
880
87
87
304
76
818
271
327
16
350
146
599
548
286
213
658
306
945
893
675
71
315
4
289
292
330
281
445
51
811
133
240
103
641
157
851
369
321
913
89
985
266
234
785
294
766
87
159
372
655
409
959
361
630
794
570
697
208
444
976
769
956
936
436
79
369
941
73
772
216
414
24
957
810
149
323
152
983
61
899
234
224
297
897
600
853
245
397
553
628
210
439
71
487
199
501
283
968
294
702
365
553
650
148
286
912
985
854
500
209
698
16
90
544
349
610
670
593
978
711
316
759
142
716
692
992
315
887
628
618
251
546
6
700
582
593
729
665
492
704
290
125
484
533
263
579
104
670
292
39
118
506
429
901
480
797
812
118
72
354
268
405
29
590
665
765
165
137
799
438
883
14
333
985
191
463
337
965
565
116
110
298
121
759
741
150
423
446
847
4
390
907
899
751
860
277
486
743
456
885
951
209
379
172
738
635
653
740
621
534
361
210
513
123
797
742
524
194
665
937
73
205
499
736
545
439
45
952
522
973
178
987
163
884
926
854
523
734
166
920
147
880
878
175
350
258
967
703
97
43
97
278
487
61
905
747
933
303
127
164
912
288
322
535
152
673
446
268
651
406
450
819
906
550
133
537
739
144
810
718
922
932
792
111
90
574
72
335
654
67
895
738
433
501
595
401
748
84
513
401
915
633
746
105
568
344
206
678
566
663
510
225
255
382
615
178
311
226
859
428
45
980
38
881
216
577
645
11
310
911
262
615
201
1
577
143
358
947
470
973
277
37
4
126
807
707
335
433
479
409
663
379
761
121
797
922
107
939
478
56
791
448
772
466
31
119
253
757
848
969
432
521
165
955
840
343
159
380
166
586
330
116
408
137
128
439
332
109
679
948
53
371
729
869
577
676
944
862
610
430
228
813
864
115
388
7
424
948
827
336
702
523
932
987
923
372
595
431
116
771
13
620
512
257
796
234
807
934
955
395
725
926
835
745
742
828
268
97
644
839
130
508
459
75
456
408
835
67
103
694
966
691
712
819
459
153
900
960
596
686
673
285
511
451
479
958
760
246
190
502
554
758
62
8
872
409
338
95
357
75
232
568
181
301
305
977
396
115
198
313
505
184
336
777
895
928
731
630
265
239
337
5
319
742
559
113
234
775
891
471
952
541
581
573
432
672
571
193
436
485
121
141
900
347
388
525
880
755
762
801
908
409
905
83
960
752
617
218
34
587
330
336
994
481
403
939
400
846
611
421
630
153
510
329
236
625
736
246
369
52
103
537
236
642
479
534
135
968
300
782
706
961
666
926
209
554
235
65
796
562
117
766
251
266
99
501
824
3
443
750
792
664
470
482
664
97
545
66
737
502
409
916
622
713
573
872
692
334
673
467
644
379
15
36
673
151
424
174
16
751
768
139
917
26
925
815
303
247
644
948
431
90
940
851
422
903
778
680
479
754
353
986
959
410
119
683
433
951
195
807
828
131
989
437
893
114
779
435
386
949
875
980
683
903
675
232
329
568
611
46
192
494
860
172
789
181
896
685
658
519
70
546
276
919
529
580
845
940
613
701
208
244
2
256
493
746
63
759
991
763
378
62
548
523
764
351
798
666
881
193
791
864
13
71
322
962
613
118
692
817
777
768
201
897
537
202
615
246
981
158
638
639
470
283
996
39
512
268
753
310
985
249
841
49
868
728
724
750
29
197
421
703
71
6
212
653
949
352
944
904
84
851
490
282
130
612
855
657
559
663
606
435
181
879
417
49
233
820
475
235
771
33
193
658
602
142
731
446
810
115
321
264
332
247
136
123
202
274
856
616
28
200
12
726
215
804
424
12
200
942
761
347
938
475
824
890
675
671
340
36
232
662
476
516
861
145
681
986
465
239
206
839
511
779
54
914
718
280
941
752
995
162
296
518
215
83
876
428
53
518
57
558
590
164
995
151
529
60
465
793
983
190
863
409
940
941
924
459
56
110
945
131
136
903
101
303
510
507
146
55
494
461
775
195
678
217
845
89
563
791
199
745
955
406
577
810
547
691
479
148
990
506
879
99
124
762
628
322
263
377
752
456
857
911
362
675
546
337
35
772
428
26
243
386
980
644
197
250
324
814
106
45
144
981
61
872
836
743
280
758
340
260
370
665
207
701
114
86
809
64
419
856
483
290
462
330
683
852
427
814
234
986
792
668
751
114
372
912
345
667
872
331
670
739
143
878
722
207
846
162
439
875
574
564
864
616
403
708
862
656
818
332
54
828
925
505
587
791
912
923
334
684
288
497
509
179
701
365
246
9
918
753
895
446
296
181
716
628
301
315
215
865
172
686
14
406
902
91
392
355
748
669
768
94
215
155
595
250
441
4
928
847
895
527
722
27
581
492
23
274
139
589
613
280
834
523
883
699
749
661
89
592
22
639
300
24
559
425
587
959
835
230
678
716
490
84
382
625
465
240
603
686
251
549
505
641
880
496
341
407
858
872
25
64
217
621
245
109
668
584
786
840
250
910
957
536
839
961
680
172
485
749
212
145
571
228
787
39
176
638
955
57
250
403
920
135
326
832
383
73
235
41
421
295
705
719
1
977
500
148
879
966
92
55
410
79
256
746
184
339
837
228
329
458
297
16
557
753
547
87
701
779
496
96
986
553
715
845
530
234
833
831
709
760
357
460
721
43
329
330
579
928
360
108
839
455
31
6
506
954
618
34
303
179
385
551
857
663
739
10
781
52
917
166
583
964
449
323
73
749
851
82
152
427
494
488
956
446
990
244
424
70
949
209
48
493
396
411
249
753
449
121
751
458
458
345
488
458
502
404
174
679
70
933
683
198
11
42
223
245
536
860
665
785
282
819
847
486
546
331
162
870
204
552
871
50
705
269
797
211
204
423
785
216
612
601
248
117
908
379
785
662
181
997
54
927
521
711
527
489
908
147
277
287
309
112
913
123
86
774
652
120
286
101
157
831
503
233
507
374
473
838
136
63
97
617
744
112
621
449
356
395
186
277
13
374
118
269
981
713
245
446
634
500
851
914
867
97
441
28
863
266
761
718
686
394
126
68
81
114
187
824
581
956
163
940
887
887
855
685
873
547
135
410
509
628
561
172
626
70
900
616
768
438
193
607
591
668
229
805
706
551
855
793
291
19
189
716
241
756
992
686
647
428
27
810
595
201
618
308
950
406
621
709
856
484
81
797
351
771
185
729
188
802
479
197
26
218
114
903
50
768
105
887
987
259
599
962
367
214
825
37
282
534
411
921
215
304
577
320
549
438
884
872
381
456
610
919
16
363
89
938
850
494
637
14
544
963
436
973
692
301
964
631
199
793
61
858
489
344
964
208
809
418
396
689
427
720
959
411
840
924
646
647
302
959
1000
337
497
439
345
632
600
837
48
582
545
256
136
517
12
447
773
126
44
876
301
330
258
418
299
883
305
712
851
27
222
707
673
18
411
233
422
92
737
590
404
800
436
367
367
288
650
543
303
394
696
209
263
669
957
753
555
625
125
497
659
343
419
706
696
141
462
271
835
752
279
95
928
333
570
312
619
57
297
23
948
166
797
847
130
19
495
679
794
266
61
702
176
877
701
40
688
304
39
272
793
57
385
264
513
197
933
205
698
626
402
672
953
7
231
511
970
973
601
24
893
704
284
247
759
333
759
895
836
99
592
617
538
344
11
593
769
914
59
164
225
391
465
569
395
884
661
343
29
880
723
416
649
601
647
447
717
423
159
585
323
320
14
336
623
883
385
88
402
506
878
549
916
429
645
520
369
678
576
598
227
220
592
586
434
307
132
776
803
570
516
476
629
166
298
482
765
936
899
323
305
401
235
342
238
529
592
809
270
578
979
971
151
177
986
572
219
499
98
604
562
97
19
378
188
600
112
925
672
194
671
472
223
171
539
441
355
476
276
30
878
699
119
126
180
998
712
656
559
999
287
104
127
203
926
552
455
761
726
165
893
712
817
28
25
54
917
647
508
178
381
283
62
301
897
717
596
821
92
824
323
192
561
957
906
750
407
77
210
242
987
381
599
133
264
387
42
752
847
969
714
810
325
481
65
481
811
7
921
169
193
349
1000
29
959
762
467
528
202
573
78
452
893
722
99
99
614
749
78
743
586
786
783
200
626
887
729
898
388
2
907
223
127
652
415
707
805
704
449
951
69
130
379
436
4
717
391
581
681
445
841
81
802
818
796
471
932
506
555
421
298
112
194
237
465
522
791
928
188
117
223
940
195
311
616
921
307
224
141
537
902
93
897
109
383
473
457
473
658
236
356
249
752
976
594
10
828
847
539
449
743
96
516
708
816
162
682
417
875
245
258
476
54
402
582
82
309
996
875
789
952
480
943
564
812
485
325
702
219
261
487
750
336
173
466
32
886
449
141
56
135
788
236
710
438
784
497
622
878
848
383
458
849
234
852
748
701
713
622
585
123
529
539
192
204
764
991
18
626
204
202
839
441
114
827
300
887
821
807
793
865
197
501
199
335
256
800
986
230
859
870
182
690
655
598
586
17
554
308
739
461
293
618
889
951
853
614
580
901
339
335
469
649
326
273
866
672
10
527
114
734
455
731
437
196
665
592
396
783
758
671
209
348
503
809
275
747
312
944
865
982
370
361
824
758
721
322
838
705
934
919
829
729
922
480
7
952
607
328
701
53
761
69
663
277
231
411
502
78
998
939
99
22
222
21
26
468
650
106
150
589
657
868
354
422
397
550
148
157
687
537
133
136
19
622
137
169
4
127
368
238
685
324
82
84
641
911
598
877
597
124
343
479
143
919
800
99
448
106
928
18
191
541
29
869
534
612
388
978
787
843
33
213
16
651
968
435
605
825
732
664
494
289
944
305
227
970
39
596
931
777
612
363
332
814
113
207
348
360
183
698
47
960
203
52
912
727
704
659
571
859
262
929
776
9
240
902
902
495
180
24
147
57
884
180
325
646
635
495
830
197
332
989
443
236
925
693
999
340
404
172
732
154
709
860
118
873
507
862
224
160
153
92
188
706
618
718
444
24
26
751
417
322
203
810
436
40
225
572
740
704
708
154
394
132
351
81
138
3
917
691
473
947
747
268
325
164
306
561
694
956
899
45
371
413
348
149
177
810
614
781
493
608
202
699
560
957
572
218
335
703
459
294
405
909
482
187
452
628
990
571
581
89
53
860
445
168
848
777
559
26
565
51
137
453
361
685
107
277
599
815
169
155
606
931
186
271
747
415
781
37
523
407
962
678
55
809
210
653
802
957
582
193
219
921
138
50
254
412
826
764
248
397
880
100
294
247
672
545
485
293
968
265
863
539
397
593
775
370
836
168
915
559
388
252
109
764
106
325
839
754
150
567
927
602
615
344
417
491
19
280
883
422
639
171
14
395
324
865
914
204
74
324
538
983
479
82
648
808
793
363
352
543
143
598
824
578
436
749
269
241
507
380
238
631
127
824
200
34
496
594
35
810
638
131
431
996
868
121
529
335
863
648
589
814
232
28
734
4
399
182
145
269
834
16
806
759
173
288
715
267
496
164
569
456
314
59
543
295
416
347
323
877
291
573
34
983
429
965
920
123
27
915
26
565
204
727
919
184
882
38
102
37
971
499
588
760
459
465
362
702
424
207
265
885
489
446
467
175
100
819
385
21
882
340
583
153
477
762
112
894
860
588
422
342
200
379
708
335
481
879
575
301
725
358
350
25
232
904
894
686
524
236
127
74
7
236
462
127
105
130
228
599
880
474
527
499
635
819
50
657
843
376
699
518
147
982
112
816
587
309
632
155
894
846
197
976
836
258
564
117
516
329
741
777
420
794
457
520
647
520
526
77
174
710
360
245
662
649
822
840
134
